N<-100
dt<-0.01
y<-c(20,22,18,9,8,15,21,23,18,16,17,22,15,13,23,24,25,26,15,25,26,17,13,12,16,20,17,10,11,8,6,12,9,3,14,5,6,6,6,2,1,3,2,1,1,3,0,1,2,4,3,4,2,8,4,5,9,5,5,7,7,12,8,6,4,6,15,16,13,12,11,6,15,11,9,7,8,6,5,2,3,3,0,2,2,6,1,6,3,5,4,7,5,10,11,11,10,9,11,13)
