N<-5
dt<-0.2
y<-c(20,26,1,7,3)
